[tran_mat_0]
element_0 = 3.25192004078
element_1 = -0.0663657151179
element_2 = -399.455239294
element_3 = 0.29354860062
element_4 = 1.91505515643
element_5 = -333.820672925
element_6 = 0.00183861909696
element_7 = 4.5763155565e-05
element_8 = 1.0

[tran_mat_1]
element_0 = 1.3444507849
element_1 = -0.0397095168536
element_2 = -349.534512922
element_3 = -0.061048135263
element_4 = 0.956420785786
element_5 = -113.956519158
element_6 = -0.000913484273182
element_7 = 4.56354507812e-06
element_8 = 1.0

[tran_mat_2]
element_0 = 3.25192004078
element_1 = -0.0663657151179
element_2 = -399.455239294
element_3 = 0.29354860062
element_4 = 1.91505515643
element_5 = -333.820672925
element_6 = 0.00183861909696
element_7 = 4.5763155565e-05
element_8 = 1.0

[tran_mat_3]
element_0 = 1.3444507849
element_1 = -0.0397095168536
element_2 = -349.534512922
element_3 = -0.061048135263
element_4 = 0.956420785786
element_5 = -113.956519158
element_6 = -0.000913484273182
element_7 = 4.56354507812e-06
element_8 = 1.0

[perspectived_size]
width = 300

