[tran_mat_0]
element_0 = 3.088911182159295
element_1 = -0.643523162949853
element_2 = -249.68698722454303
element_3 = 0.1919619009616147
element_4 = 3.807244369072038
element_5 = -461.7963464133259
element_6 = -7.980763241163623e-05
element_7 = 0.002327413410688401
element_8 = 1.0

[tran_mat_1]
element_0 = 39.57396311873564
element_1 = -3.3375631545921562
element_2 = -5666.705441761123
element_3 = 3.4653638055780234
element_4 = 50.825335815144264
element_5 = -11895.43882328081
element_6 = 0.010411398785238531
element_7 = 0.0371993736479785
element_8 = 1.0

[tran_mat_2]
element_0 = 2.0966708889560475
element_1 = -0.18888926927531985
element_2 = -374.4918652652485
element_3 = 0.05282685110042843
element_4 = 2.720582831672091
element_5 = -535.4265493283975
element_6 = -0.001675665848636964
element_7 = 0.0011630385117584522
element_8 = 1.0

[tran_mat_3]
element_0 = 3.272132282802312
element_1 = -0.6646518699442194
element_2 = -617.9728578473678
element_3 = 0.5566349406682726
element_4 = 3.0382990511476535
element_5 = -650.311962558237
element_6 = 0.0013467447208303077
element_7 = 2.6234030365466336e-05
element_8 = 1.0

[perspectived_size]
width = 300

