[tran_mat_0]
element_0 = 3.59987160759
element_1 = 0.733954405432
element_2 = -1229.82798183
element_3 = -0.521953197448
element_4 = 2.23279978908
element_5 = -322.277102024
element_6 = 0.000650618017691
element_7 = -0.00118955795845
element_8 = 1.0

[tran_mat_1]
element_0 = 2.12760990337
element_1 = 0.645881577808
element_2 = -954.271034694
element_3 = -0.570478508377
element_4 = 1.53781163128
element_5 = -135.947508888
element_6 = -0.00131058661061
element_7 = 0.000266636228607
element_8 = 1.0

[tran_mat_2]
element_0 = 2.0966708889560475
element_1 = -0.18888926927531985
element_2 = -374.4918652652485
element_3 = 0.05282685110042843
element_4 = 2.720582831672091
element_5 = -535.4265493283975
element_6 = -0.001675665848636964
element_7 = 0.0011630385117584522
element_8 = 1.0

[tran_mat_3]
element_0 = 3.272132282802312
element_1 = -0.6646518699442194
element_2 = -617.9728578473678
element_3 = 0.5566349406682726
element_4 = 3.0382990511476535
element_5 = -650.311962558237
element_6 = 0.0013467447208303077
element_7 = 2.6234030365466336e-05
element_8 = 1.0

[perspectived_size]
width = 300

